5
97
98 74 43 68 3 11 80 43 42 48 30 22 68 20 43 76 83 13 73 24 50 9 67 2 11 25 41 77 92 28 38 66 61 45 53 71 20 38 47 89 18 55 50 59 54 82 93 20 75 9 66 7 50 23 31 21 25 2 30 62 6 33 91 43 67 48 27 27 86 96 14 77 3 69 93 90 30 61 38 16 6 66 67 21 95 27 17 64 56 75 40 57 90 86 2 59 81
57
74 31 12 48 59 42 83 6 37 11 36 91 30 98 1 37 44 52 49 21 47 20 1 23 25 65 57 48 57 17 55 71 88 94 47 98 85 23 91 42 40 33 21 54 21 34 75 68 14 74 83 85 46 48 7 54 52
79
26 87 7 86 64 50 43 17 50 67 64 97 57 54 45 93 41 6 27 66 65 37 11 80 73 8 66 42 83 73 100 44 22 81 68 10 12 51 29 20 86 14 99 12 69 38 40 11 91 18 33 36 70 44 49 18 9 25 96 100 61 74 3 54 13 24 24 33 88 25 20 42 62 15 96 84 2 24 32
27
76 70 85 25 75 55 27 51 80 16 54 23 60 20 76 93 6 19 87 3 76 16 38 45 23 54 54
96
57 70 43 37 39 22 33 81 24 64 88 69 89 6 58 83 60 96 79 35 14 15 41 35 47 33 53 7 57 64 9 74 58 91 44 84 33 11 55 56 52 58 30 10 73 30 58 20 67 52 92 66 60 2 62 18 98 42 52 25 91 84 61 40 20 4 87 38 82 19 97 6 52 86 96 31 51 4 4 10 38 99 75 64 5 23 62 76 85 10 3 87 94 35 75 59