8
6
89 84 32 4 79 83
26
72 34 86 68 64 83 32 86 86 99 91 35 57 43 72 38 69 83 59 79 84 62 72 80 27 52
6
2 53 89 44 24 64
38
62 34 1 49 56 30 94 46 8 95 7 15 28 69 6 20 3 61 26 39 13 49 61 70 5 47 72 10 74 2 92 62 19 5 79 13 60 31
61
80 94 87 67 39 46 32 39 57 41 75 97 11 94 24 94 13 96 39 3 47 89 1 100 35 44 21 25 14 23 14 81 4 52 49 46 47 89 24 72 75 93 15 45 60 93 34 64 24 43 50 52 60 2 39 52 88 94 26 73 81
85
80 35 67 34 19 23 95 85 19 64 26 60 72 54 58 80 90 95 21 54 16 4 96 88 85 63 94 75 60 57 97 83 84 59 56 37 67 48 58 55 82 25 1 21 69 75 6 23 83 1 61 78 73 75 32 16 60 6 100 6 63 50 7 12 89 72 32 68 95 71 8 82 54 17 37 32 32 33 56 80 59 45 75 82 26
17
31 48 62 6 96 15 8 91 10 64 17 51 62 47 38 81 6
79
25 93 41 25 12 56 87 9 73 10 3 71 37 53 50 10 40 69 39 43 65 62 31 60 31 89 59 3 96 2 68 48 5 21 94 17 33 72 36 93 100 1 91 31 75 77 100 89 95 27 67 73 71 9 50 47 47 68 71 46 1 30 69 59 80 57 20 95 79 81 62 45 30 10 92 96 73 19 86