53
3 5
208 273 802
452 221 595
217 563 893
9 767 933
966 532 987
2 1
193 709
5 100
50 26 887 710 983
142 465 939 26 304
259 85 915 742 164
59 870 189 542 439
786 603 855 867 593
386 689 973 770 621
799 329 364 339 182
781 150 135 579 162
883 559 68 493 118
295 676 813 487 631
215 911 492 284 64
58 453 839 117 891
965 925 446 126 495
38 950 165 541 293
33 209 298 527 416
880 435 511 22 296
147 299 989 128 484
130 501 668 975 104
872 675 499 727 103
853 427 682 755 463
538 585 168 834 453
998 906 940 494 476
305 187 0 403 420
534 821 679 474 745
722 257 713 759 516
520 475 378 739 127
683 493 344 644 998
643 507 62 451 584
949 356 564 281 115
182 176 849 792 396
235 922 593 403 973
797 180 994 204 154
725 530 714 348 657
36 9 358 951 109
806 268 5 835 313
219 951 444 759 275
764 210 508 271 466
477 90 719 679 504
409 280 10 344 874
339 460 993 163 80
194 91 827 868 99
203 274 555 357 86
983 499 603 451 959
925 550 184 812 673
752 72 679 233 670
117 293 526 760 471
360 495 302 257 416
537 216 480 373 160
840 775 27 687 193
380 251 654 502 586
990 818 369 917 543
76 904 903 675 980
321 301 709 464 999
159 110 442 102 82
7 555 295 212 652
285 444 188 202 81
107 984 313 532 788
451 738 251 304 844
828 459 199 771 316
637 864 172 753 967
791 890 520 104 539
722 185 690 553 263
419 476 275 36 782
205 80 755 474 581
648 120 870 794 733
102 706 104 931 710
28 976 71 183 987
87 514 603 327 576
475 660 131 956 101
439 501 975 21 309
431 2 306 473 288
239 756 183 133 542
356 746 462 349 23
439 426 835 82 511
557 99 452 97 95
487 71 183 678 194
200 56 231 38 838
945 878 59 391 94
65 474 159 289 149
446 485 64 63 588
967 136 988 637 486
757 749 950 796 87
830 967 496 135 233
120 190 139 540 798
783 852 437 337 75
443 559 640 581 869
127 706 75 998 306
573 865 221 998 539
70 478 313 669 14
820 208 264 967 694
483 685 100 871 861
885 697 342 936 255
458 122 992 128 707
383 39 308 636 268
219 363 554 301 324
369 681 581 193 133
631 76 287 227 797
761 217 46 273 421
426 897 23 761 32
709 286 673 23 192
5 89
472 114 824 273 163
676 648 84 903 237
363 316 840 682 558
331 533 808 446 414
219 382 470 917 95
882 422 753 728 589
186 348 812 129 111
145 438 150 149 663
522 203 674 949 131
254 150 790 100 797
775 881 608 811 15
122 706 729 851 128
402 346 440 329 237
330 777 760 598 366
385 580 709 302 257
129 731 695 568 807
625 289 683 684 197
495 900 372 124 916
962 285 666 586 297
787 690 17 97 995
460 908 105 31 799
860 465 255 42 706
359 451 77 878 774
980 223 968 855 61
555 755 273 590 975
118 921 891 111 138
479 288 358 49 85
878 125 908 773 81
576 737 830 728 577
802 782 227 968 569
696 47 935 670 749
654 627 297 759 740
386 960 246 117 50
607 121 440 968 265
313 130 886 513 42
96 774 150 359 182
551 60 468 322 881
673 688 914 227 428
285 365 76 922 849
314 550 878 34 178
811 664 873 754 895
980 879 423 198 657
549 695 463 745 503
339 482 684 102 635
223 93 730 729 272
256 657 684 28 377
403 540 609 684 365
337 100 298 715 767
915 904 518 381 503
880 890 749 826 208
600 588 692 828 612
725 214 898 699 923
177 632 622 581 262
284 889 95 104 172
681 324 663 326 358
161 44 263 271 71
150 660 975 637 229
444 737 176 144 573
859 964 53 653 786
83 404 277 666 10
819 994 465 548 656
0 547 42 566 646
48 83 958 511 145
208 62 238 141 574
243 182 947 835 819
463 603 759 610 851
577 158 256 960 773
496 45 856 485 70
647 528 644 169 162
404 686 231 994 985
675 605 167 211 688
596 945 564 476 986
930 310 891 385 743
956 338 217 724 464
432 57 915 418 239
436 680 305 561 997
664 210 950 621 511
260 671 136 741 681
366 74 882 75 268
893 973 616 119 634
257 718 834 439 100
781 570 662 370 88
922 561 554 186 334
170 344 573 140 380
359 812 782 1000 398
946 554 388 476 115
158 391 478 686 263
421 36 886 128 285
297 477 514 812 454
2 38
469 205
982 525
282 53
437 197
200 942
569 455
143 568
52 256
537 634
489 681
241 133
161 429
475 998
47 268
668 258
681 874
662 841
959 849
425 120
522 906
777 387
977 333
992 722
567 972
316 441
425 233
231 108
107 276
269 214
16 242
878 965
686 146
90 938
830 321
625 228
513 221
235 817
45 469
2 46
280 885
902 824
111 930
758 47
175 966
168 163
454 147
223 881
942 821
498 187
34 545
796 619
398 952
69 313
35 270
592 612
33 130
873 707
809 432
749 879
301 82
601 735
809 617
51 153
927 115
825 426
656 508
618 638
589 457
646 903
584 802
35 641
679 70
793 163
160 326
432 837
432 764
401 823
113 409
5 34
601 67
940 21
364 595
866 942
37 594
528 285
2 32
955 585
80 886
573 532
126 318
334 997
262 374
391 262
578 672
558 347
940 736
645 489
209 105
348 22
180 30
473 430
900 48
472 55
55 249
641 829
579 39
811 537
704 567
999 361
729 474
952 228
396 672
407 876
353 732
171 746
936 935
171 984
518 373
4 42
167 857 32 541
504 245 985 476
945 285 380 101
210 12 255 709
910 717 154 108
74 558 270 753
704 227 712 60
603 172 426 492
524 957 775 628
473 346 73 141
127 490 357 735
575 664 838 604
429 262 687 648
33 587 615 322
162 649 383 987
102 257 131 612
388 557 765 727
436 406 327 229
406 642 680 922
961 672 367 829
124 931 796 366
2 682 737 303
205 434 667 555
876 299 379 836
361 158 627 738
255 885 295 216
947 12 769 62
620 930 73 141
438 896 672 873
604 893 467 859
212 840 448 505
99 683 579 972
201 342 384 713
845 627 90 742
603 108 768 762
449 256 751 136
33 824 703 981
842 393 201 782
836 409 806 44
595 391 380 137
476 921 259 966
30 666 390 226
2 63
691 567
667 592
228 248
55 200
414 449
834 279
632 912
684 446
486 589
35 590
55 556
437 728
139 491
223 894
904 191
857 717
16 25
665 799
631 957
926 2
54 34
812 506
751 191
640 540
697 25
208 308
645 551
617 414
105 752
477 859
905 1
163 411
151 365
891 601
181 639
18 231
805 910
655 215
378 403
543 305
781 448
544 758
488 495
291 595
909 421
964 31
496 592
593 662
906 17
229 907
866 983
720 177
984 245
294 939
104 639
770 849
807 157
61 13
224 861
956 704
493 906
436 740
548 741
5 77
813 416 360 13 238
985 164 886 633 155
102 597 346 359 388
93 981 661 420 598
849 228 119 667 206
25 825 498 760 61
134 975 809 672 397
612 414 10 233 691
197 961 507 504 85
864 271 722 705 938
132 368 332 485 506
226 855 601 114 683
866 275 935 136 496
103 513 782 72 0
25 687 52 452 109
627 335 497 451 175
576 173 560 891 269
357 855 90 647 397
934 118 161 145 437
319 939 498 789 786
398 999 387 254 771
631 567 119 676 974
295 182 594 496 238
598 286 943 648 783
253 648 558 228 772
69 693 27 865 117
155 488 461 94 175
796 854 702 710 465
985 579 329 228 481
299 759 311 44 381
854 852 478 796 580
881 591 225 293 258
670 429 393 668 308
744 733 473 206 608
691 599 700 706 887
353 571 125 356 300
769 653 921 338 119
487 504 280 342 689
517 298 211 108 458
292 76 245 881 2
192 702 571 316 563
56 253 353 450 250
647 904 513 106 312
835 846 843 154 344
781 581 923 455 746
770 362 923 205 468
455 324 578 340 997
861 612 434 462 520
575 425 832 438 628
400 971 693 785 925
1000 586 492 862 282
60 727 768 494 42
960 860 508 937 590
85 994 73 976 220
558 226 131 339 20
80 235 296 323 288
732 531 887 967 358
595 118 471 10 660
153 789 110 968 842
621 858 443 967 983
26 633 803 808 440
422 379 134 283 602
809 18 678 403 516
578 296 419 229 798
176 479 963 691 520
918 531 919 469 387
908 472 493 729 473
684 545 42 511 355
549 759 83 833 16
486 434 368 51 547
101 706 206 668 920
402 350 672 342 866
650 101 187 617 135
672 59 501 366 511
343 354 579 780 79
646 600 200 99 738
669 296 497 355 14
5 13
27 62 297 317 314
352 241 85 613 16
668 597 931 75 142
178 669 484 255 685
718 212 434 820 476
755 821 664 456 709
197 384 267 415 170
981 874 928 667 673
578 24 27 542 459
454 190 436 957 937
350 60 9 776 21
487 499 686 587 593
480 535 48 996 5
2 100
604 178
660 445
458 757
83 430
896 804
742 116
653 801
173 595
588 563
936 265
170 645
933 430
25 917
730 553
699 518
160 156
205 884
765 117
8 313
414 335
137 968
375 589
742 170
466 98
395 913
740 675
991 874
262 758
654 283
399 247
67 473
95 954
22 670
651 900
61 271
331 836
233 243
192 277
731 162
383 275
356 883
432 970
245 67
477 287
715 854
378 139
586 925
548 161
569 974
398 274
943 841
654 69
157 416
228 999
235 324
322 177
95 789
188 337
552 500
208 372
924 984
166 915
58 588
301 352
311 50
11 136
827 889
30 544
839 823
182 571
43 799
981 899
981 30
584 173
436 834
119 408
217 462
664 996
934 93
434 408
728 119
432 853
61 874
671 603
485 825
216 20
264 913
351 373
335 970
186 80
11 654
703 895
541 691
497 273
510 199
387 846
308 480
264 526
52 710
84 373
2 53
627 842
385 120
996 904
23 522
904 868
503 667
485 173
324 36
694 54
730 55
574 959
762 663
310 201
850 697
80 144
434 317
908 945
276 530
503 102
863 625
164 816
47 239
292 157
746 152
950 912
123 466
765 678
280 749
300 130
144 262
29 248
826 379
12 505
919 907
296 421
681 240
269 413
101 391
306 865
728 243
683 356
597 419
29 240
328 579
901 36
686 490
602 595
152 915
33 638
882 405
829 150
320 823
451 617
5 29
686 623 944 480 450
581 439 501 1 991
329 15 173 585 399
383 503 194 299 869
256 669 643 835 649
155 576 908 401 329
726 729 210 865 15
113 4 305 788 216
819 579 980 946 911
178 527 69 794 164
425 6 899 126 795
396 542 670 252 261
479 658 579 438 429
859 110 890 293 135
159 727 978 28 193
808 38 423 486 334
40 665 907 582 109
750 249 682 184 708
638 671 708 713 769
506 190 451 876 841
401 205 923 318 7
669 899 3 945 607
751 351 639 225 664
612 970 276 94 468
225 446 771 478 310
13 857 700 436 326
915 759 404 797 826
463 264 670 505 17
419 279 704 216 281
3 53
193 225 857
738 126 406
313 697 516
173 820 253
179 611 273
103 458 983
460 994 229
612 570 905
564 711 671
577 149 960
515 653 386
817 112 496
215 297 633
683 172 643
595 12 490
518 123 68
304 812 420
403 398 4
688 737 438
471 215 720
27 494 706
134 540 619
404 271 947
709 42 477
327 941 9
306 839 731
80 918 893
227 639 884
349 697 711
387 133 813
557 858 382
740 142 70
556 906 767
609 130 339
279 104 412
275 208 888
817 119 183
977 638 972
491 169 115
239 430 255
963 247 338
834 134 849
20 55 92
413 237 378
555 859 394
808 354 995
805 687 942
648 785 112
443 244 882
849 652 15
682 693 525
222 880 340
863 803 111
2 61
806 266
883 74
300 539
576 366
905 561
689 852
50 603
144 505
914 864
91 302
908 671
799 648
375 709
714 534
615 287
31 156
154 37
220 730
725 705
147 951
214 299
787 578
623 401
906 38
776 492
980 803
160 912
213 712
279 89
877 773
867 262
423 118
985 474
662 480
762 195
743 366
593 460
992 337
225 579
446 754
562 761
708 278
785 23
1000 121
171 227
394 592
432 325
663 939
964 646
62 412
71 680
326 897
112 485
631 206
752 578
357 444
933 138
59 40
621 462
499 303
957 535
5 99
754 601 556 392 746
154 925 1 409 403
615 847 38 552 474
446 190 945 654 130
213 300 193 997 279
261 64 441 262 897
542 42 835 56 916
276 123 10 67 116
32 449 805 546 305
516 610 916 561 64
892 120 191 861 180
502 726 290 266 744
858 668 880 448 448
233 511 145 85 966
487 72 558 211 839
611 40 439 242 186
655 162 110 482 55
439 146 776 697 997
893 235 702 147 723
249 461 775 386 107
20 444 764 784 371
452 409 415 39 856
954 163 884 773 96
834 927 328 862 955
228 192 273 906 690
838 211 209 37 899
806 765 43 140 592
819 422 773 690 357
293 33 974 465 164
64 118 289 854 561
210 303 447 739 955
296 645 981 337 477
111 400 307 271 407
157 48 665 222 821
602 121 460 392 849
40 242 984 663 513
351 845 459 5 986
863 232 235 57 760
265 863 710 705 119
273 87 338 321 202
319 609 813 888 863
142 508 289 898 848
21 930 329 623 721
900 304 366 619 46
350 828 952 561 895
755 11 972 198 465
716 700 85 993 475
651 550 117 259 739
1 549 913 721 104
549 226 686 693 626
168 74 669 518 526
958 819 390 235 58
314 793 387 83 932
401 485 637 444 942
789 832 666 345 327
620 245 745 850 250
209 122 887 482 768
427 703 765 877 496
995 516 147 312 399
668 94 836 489 888
190 656 106 878 626
278 271 855 665 10
49 869 738 175 530
663 126 829 108 411
819 61 302 877 398
427 400 690 107 405
350 673 101 505 392
100 649 19 438 472
529 147 667 206 936
149 598 294 892 471
421 453 430 179 856
639 906 277 892 246
277 319 207 80 892
736 149 120 272 554
326 478 141 634 919
321 815 307 340 78
405 41 231 568 59
723 367 117 438 474
545 353 266 568 685
694 1 271 525 738
392 702 861 967 737
685 610 925 157 957
17 742 408 700 243
359 355 463 295 649
225 571 90 948 504
778 356 114 271 244
515 351 407 391 504
255 11 722 189 650
310 245 314 32 842
342 10 815 998 481
845 65 899 328 430
830 988 146 604 237
739 521 498 280 74
857 940 216 797 109
219 255 917 157 985
721 575 542 734 849
26 433 441 750 21
243 525 715 274 447
763 976 842 175 228
3 11
438 126 746
386 681 380
153 184 519
738 130 410
609 931 231
719 76 518
845 86 753
771 450 487
557 178 2
479 960 784
371 772 49
2 40
737 744
463 884
621 996
765 551
813 265
295 920
978 747
995 514
783 768
358 62
251 928
888 545
952 889
415 653
546 709
884 351
5 548
112 171
295 88
268 84
713 764
106 998
944 615
801 476
467 141
648 442
551 850
259 57
286 393
694 283
664 744
49 67
13 76
616 867
311 878
198 597
911 771
492 939
849 695
819 412
3 27
853 665 669
188 824 811
645 639 99
535 643 586
363 367 982
258 111 739
867 279 987
237 460 686
492 400 492
572 210 84
610 727 302
667 658 913
387 836 121
1000 435 659
296 771 461
997 389 226
381 420 662
48 550 915
23 590 993
903 439 200
881 14 701
737 438 303
662 566 503
920 6 52
409 972 472
615 992 988
55 850 527
2 95
518 814
562 989
561 468
885 350
847 691
955 983
434 552
85 124
532 207
139 520
586 318
770 848
330 820
868 56
413 562
600 713
121 924
399 675
358 566
913 388
349 778
263 996
969 111
653 259
295 282
593 814
856 367
684 132
176 89
981 338
729 348
637 188
868 36
403 537
738 518
736 74
386 761
475 418
494 374
561 636
388 995
668 707
593 816
524 129
517 898
427 308
758 598
91 608
605 55
841 20
873 409
231 965
269 741
731 857
839 35
493 330
712 357
244 683
939 100
497 883
287 349
804 306
197 933
607 755
20 104
735 708
934 229
401 649
90 834
402 118
303 114
318 508
739 130
224 216
564 239
194 321
530 302
257 70
216 558
481 918
641 315
133 113
33 557
961 73
45 369
149 406
660 5
500 638
785 822
328 125
291 633
869 350
595 829
960 69
661 797
2 37
302 305
635 947
495 349
694 426
169 692
390 388
888 486
954 219
266 155
506 481
941 796
423 233
200 542
103 903
643 615
720 51
209 438
68 581
109 678
833 986
336 628
564 661
644 918
454 317
381 870
995 757
540 356
889 1
377 746
907 370
687 564
164 149
407 559
815 855
611 730
266 330
996 750
2 40
113 306
431 558
489 449
318 92
795 60
482 780
993 755
343 200
790 575
864 784
718 528
541 740
1000 70
743 602
698 380
708 6
367 37
501 868
468 861
493 89
411 30
280 728
754 896
412 318
417 222
127 530
129 684
145 406
158 853
933 978
307 55
673 665
741 81
139 737
827 554
92 484
37 977
279 301
472 448
929 787
3 77
864 525 410
851 341 216
236 137 896
195 52 592
889 727 513
790 214 687
384 725 443
475 529 782
603 259 268
232 936 392
418 129 428
473 429 599
72 203 60
836 876 558
476 758 644
443 166 628
513 72 799
584 162 454
478 385 823
448 102 760
501 323 760
849 38 846
899 511 363
64 456 444
449 668 956
598 46 205
659 176 477
276 97 556
94 954 416
369 844 223
303 815 979
966 831 66
570 205 102
121 203 957
193 632 643
689 712 639
228 127 152
660 675 514
88 80 431
700 820 964
19 30 980
667 11 369
661 405 814
152 693 980
399 439 720
656 609 555
66 156 549
462 15 888
596 768 210
77 330 614
166 715 564
615 874 596
735 516 958
392 954 584
370 908 249
267 746 887
419 293 916
378 184 921
827 787 855
378 479 688
233 284 608
552 141 492
38 838 838
585 432 614
300 959 936
154 606 864
398 810 269
495 203 338
70 882 633
925 985 191
955 590 136
230 772 47
750 798 628
636 767 154
735 830 819
567 30 509
551 845 65
4 69
255 33 494 900
656 954 457 647
880 596 684 0
903 18 358 832
645 374 249 726
529 459 649 658
466 871 507 247
494 288 837 164
760 291 374 183
483 250 447 422
150 669 83 131
419 386 23 962
501 845 889 208
621 935 796 564
278 511 375 85
291 870 752 350
497 966 665 661
535 927 16 15
69 17 446 801
357 122 694 363
401 450 41 258
863 433 844 470
451 375 142 746
383 290 508 394
251 885 861 358
915 652 722 318
676 322 384 96
694 473 402 922
617 907 412 886
27 963 748 430
942 402 794 195
581 240 961 238
371 187 408 325
392 243 443 83
897 367 253 69
606 97 766 643
309 568 455 180
145 738 106 424
58 694 60 629
423 408 19 220
505 378 30 165
196 48 439 984
900 514 690 119
669 656 310 720
141 94 898 463
115 651 839 818
149 133 685 589
318 160 32 596
598 804 403 445
430 563 819 816
944 961 14 608
185 751 149 943
76 722 894 605
37 331 508 104
122 970 630 53
136 70 406 747
160 855 481 547
448 18 335 299
322 480 92 716
858 191 37 550
171 790 667 237
466 877 56 964
656 28 867 611
944 183 452 238
263 556 433 879
481 119 856 807
157 685 740 116
55 523 52 906
250 211 865 13
5 68
750 199 257 711 587
548 208 281 335 233
751 975 178 604 218
509 99 839 341 291
788 770 874 704 445
30 967 6 410 609
350 206 759 5 525
518 258 235 328 821
334 80 558 815 647
912 749 306 900 549
592 590 75 660 280
958 787 805 7 768
976 253 516 959 372
763 298 530 301 271
899 468 842 518 917
558 987 277 626 833
734 484 193 446 133
266 967 922 557 825
890 660 450 668 613
45 463 711 510 928
412 805 178 625 898
939 96 54 91 669
67 150 930 374 726
564 32 145 291 496
559 547 897 955 735
334 58 335 548 11
390 937 508 748 626
636 859 863 928 997
870 138 956 466 664
545 540 16 61 88
280 733 766 818 671
497 478 284 732 697
525 215 468 684 249
30 99 314 258 729
70 648 182 435 372
517 760 774 344 923
520 168 153 946 209
139 625 237 545 840
914 680 878 0 572
73 311 874 916 949
685 633 953 112 163
392 327 456 890 432
617 502 929 487 798
129 565 672 203 432
816 550 81 567 201
759 359 114 585 519
61 501 635 530 831
333 700 334 764 434
370 343 663 552 816
164 297 747 151 490
475 180 384 516 377
849 2 948 519 655
977 704 188 674 723
562 261 827 628 611
24 15 103 925 822
974 931 80 400 471
876 271 481 214 889
864 140 958 375 476
41 647 341 981 406
373 409 260 96 953
796 122 178 30 106
45 262 240 298 669
51 444 756 607 624
779 655 475 640 62
524 642 7 352 344
132 966 978 272 281
492 433 330 264 431
457 304 700 921 665
2 17
599 15
928 279
603 491
284 257
282 539
773 135
268 872
70 758
840 543
799 203
426 775
781 719
715 804
945 271
562 402
244 383
849 476
4 54
149 334 863 933
464 705 85 300
974 145 414 686
405 125 266 523
180 116 503 926
832 992 654 536
781 178 550 224
274 120 642 315
562 808 694 189
985 84 279 608
102 954 691 827
232 461 656 70
67 907 541 614
311 679 438 453
674 824 298 373
751 653 294 927
965 43 620 266
307 468 284 978
931 177 290 789
294 19 739 388
965 434 744 799
347 198 682 845
167 481 456 643
144 44 249 573
252 280 173 428
93 530 148 662
298 481 21 263
289 214 462 146
578 824 386 461
65 622 93 716
751 659 738 339
456 415 11 780
146 269 430 958
197 472 30 627
816 427 974 437
789 928 357 405
381 43 283 191
258 493 551 670
213 176 339 525
620 147 405 406
403 926 681 901
614 177 472 434
449 885 982 45
352 516 335 614
942 632 468 281
650 294 992 22
641 692 205 552
27 304 428 494
342 209 699 854
61 467 393 567
670 301 98 319
678 277 422 408
332 500 721 573
688 984 525 423
5 4
28 325 947 684 133
7 112 656 271 170
658 903 34 162 779
225 123 778 657 982
4 64
982 335 568 935
693 457 581 234
292 341 980 242
633 27 486 241
895 431 667 700
456 778 810 750
638 780 605 697
851 73 599 397
88 727 21 517
917 351 501 149
714 722 983 723
742 15 297 203
906 484 636 372
703 538 456 247
409 194 368 907
279 531 316 816
416 306 101 970
602 241 473 578
758 125 440 947
864 863 761 28
717 396 208 610
44 892 86 230
289 270 659 995
362 480 925 1
288 280 48 227
598 175 538 259
801 407 31 174
253 398 920 980
143 795 98 595
857 490 196 929
301 119 266 305
454 45 24 281
332 754 849 512
477 407 380 384
250 729 126 365
889 250 460 499
356 938 830 798
384 191 660 962
768 487 464 473
103 29 330 691
468 347 503 541
482 665 269 532
343 360 370 561
624 457 657 161
558 131 613 976
599 796 671 341
310 428 4 153
523 709 203 865
449 49 491 318
784 351 383 410
351 406 420 298
36 263 160 190
254 518 671 643
137 369 335 262
114 837 656 291
861 358 852 358
530 954 513 134
221 871 223 645
843 815 622 400
839 918 739 206
777 347 974 339
568 125 605 518
663 446 400 323
457 136 866 852
2 1
545 304
4 57
461 988 480 840
597 447 737 343
539 480 224 970
237 360 125 544
550 84 3 564
969 240 56 733
420 474 745 287
781 372 833 3
562 375 430 107
451 309 41 671
822 940 793 251
398 85 977 517
884 65 480 868
842 526 597 779
598 688 472 305
426 699 338 459
693 607 218 816
301 613 55 768
966 905 444 224
403 328 747 202
375 484 474 812
509 215 213 583
70 669 16 905
168 667 437 640
815 136 874 473
217 274 215 443
931 349 971 227
682 512 199 907
231 488 458 487
413 103 177 720
149 924 184 846
179 419 622 515
58 602 516 221
811 230 423 978
854 372 461 645
676 25 294 935
982 411 201 559
275 6 222 176
735 674 614 463
642 385 582 728
880 236 568 512
380 179 506 859
191 995 569 24
43 546 450 66
799 184 982 264
33 30 10 676
105 474 446 192
957 487 144 397
639 197 954 371
504 367 433 46
780 891 717 429
192 302 223 491
441 187 697 948
372 773 137 413
183 857 177 783
801 200 389 845
284 558 486 929
2 28
896 440
98 598
421 555
277 486
367 667
311 660
12 260
991 385
597 997
479 420
342 84
804 760
740 603
145 519
215 889
923 457
988 148
215 102
760 408
932 638
564 461
927 764
161 222
802 777
112 562
614 214
507 522
875 952
3 98
929 409 288
324 313 441
264 16 574
250 317 835
71 261 163
746 654 50
408 166 734
143 277 397
592 413 329
627 872 790
611 527 190
266 884 354
711 567 681
93 736 544
768 782 562
411 977 332
506 196 108
526 932 440
673 522 796
112 239 502
197 843 692
53 604 466
742 934 635
668 124 109
111 408 88
509 15 902
214 239 80
593 391 310
552 646 21
697 192 532
493 561 470
435 325 668
221 298 641
125 882 131
679 57 19
859 553 380
58 836 284
958 354 700
210 102 234
291 239 90
661 284 647
115 264 446
120 935 209
979 450 92
933 838 92
343 102 897
997 595 799
73 260 184
949 425 821
855 629 871
171 877 397
430 554 257
221 982 351
154 584 108
70 782 77
218 45 111
908 584 557
667 827 26
148 824 805
66 508 829
341 223 333
168 244 626
632 447 674
967 18 364
7 152 706
770 296 200
680 446 571
173 404 740
479 602 884
987 510 579
656 390 252
157 433 286
424 185 597
455 701 819
258 278 256
761 121 211
578 997 742
168 342 833
63 473 107
728 864 520
766 777 676
214 726 28
112 758 479
340 465 156
128 978 933
82 427 238
379 568 659
374 502 306
379 593 569
692 12 887
356 949 388
661 283 346
873 217 677
111 125 715
78 998 795
437 511 905
55 14 108
199 24 798
5 93
163 406 515 263 775
53 355 533 308 357
754 137 20 864 364
288 664 57 49 532
755 948 984 875 998
441 970 719 377 345
807 651 817 614 326
630 191 225 521 477
571 175 663 782 777
394 608 701 247 568
84 888 548 19 681
61 223 464 718 900
430 56 219 212 314
948 724 603 335 953
181 718 869 287 150
842 963 257 244 763
201 777 922 764 255
184 189 215 349 10
876 561 647 261 739
104 9 60 464 303
235 545 858 138 210
787 388 922 149 662
568 35 643 928 599
232 377 793 233 348
576 338 795 361 970
576 495 919 371 730
867 956 193 69 3
560 252 624 642 469
389 368 542 347 392
126 454 406 226 158
466 418 13 624 596
63 561 374 547 925
717 390 816 359 202
145 740 809 28 469
212 32 278 364 793
200 795 606 180 771
64 411 738 321 357
966 759 2 124 790
357 125 276 130 492
152 325 619 116 914
161 318 432 264 833
721 146 572 902 312
712 383 165 175 566
429 416 588 530 826
581 36 581 470 596
694 642 549 48 423
645 320 649 623 463
600 613 474 358 646
554 787 812 876 22
895 397 582 647 841
457 77 68 29 338
640 870 215 42 393
870 980 709 1 872
691 766 105 131 211
112 74 31 228 805
984 405 707 875 827
87 787 177 83 269
764 884 998 140 692
303 47 566 205 683
79 324 487 630 157
177 71 764 456 670
755 315 19 35 367
44 420 158 823 837
270 815 465 401 903
830 834 65 773 599
100 77 677 351 163
848 501 22 895 331
387 448 609 531 132
912 590 410 823 393
529 672 908 351 175
539 131 742 211 797
872 710 157 597 122
942 728 306 662 685
130 822 877 728 955
410 576 516 114 882
703 973 610 952 100
271 164 609 193 262
52 738 490 120 626
881 691 404 584 454
328 137 665 854 673
452 818 531 650 814
498 824 465 394 960
512 532 920 256 591
335 424 710 485 138
538 310 496 122 223
318 245 439 158 994
768 463 211 673 449
19 249 261 7 191
67 593 751 986 185
561 394 480 845 985
137 376 943 35 678
368 204 378 992 832
214 313 573 937 445
4 86
192 546 270 132
701 251 389 97
558 907 419 124
25 49 275 626
128 271 858 858
114 793 395 775
654 784 372 943
460 236 620 621
985 647 91 94
281 790 204 814
712 466 722 820
308 417 166 177
896 204 914 396
460 820 127 503
154 91 470 276
607 992 85 330
317 238 110 722
636 966 228 192
956 669 120 917
402 172 367 584
753 701 568 57
771 168 990 384
895 112 873 581
687 22 817 277
683 758 731 242
469 852 569 91
431 126 817 581
854 923 506 670
614 675 3 63
822 425 786 661
540 300 926 855
687 759 241 303
947 121 856 610
954 697 256 666
325 402 773 849
619 389 74 88
762 784 899 571
127 970 710 667
328 329 470 760
860 950 708 608
750 731 936 652
413 334 915 635
193 74 443 480
923 673 11 792
259 701 685 136
409 89 142 506
866 413 103 627
607 517 955 161
636 262 446 183
702 241 885 281
636 200 98 903
666 989 855 31
803 578 352 510
858 923 323 111
807 987 978 715
63 236 109 495
925 348 357 157
614 481 838 923
887 322 505 475
958 404 590 356
398 317 172 377
606 250 414 713
641 698 265 217
103 729 693 175
43 894 455 724
621 495 158 173
489 257 980 959
640 363 799 880
891 36 387 617
261 176 966 575
230 740 900 522
278 734 673 597
786 24 18 962
198 842 565 742
562 779 334 102
766 162 248 276
230 133 315 243
635 714 921 792
744 257 836 681
609 899 351 984
255 878 351 617
761 723 488 106
590 668 667 529
326 742 362 524
939 219 35 735
746 458 141 18
3 14
50 416 588
190 477 797
866 808 307
633 195 926
692 572 371
456 100 587
523 155 159
629 851 921
121 763 348
651 350 681
683 93 75
909 653 959
398 858 664
445 707 882
2 37
653 213
804 892
44 495
556 310
372 695
696 816
963 873
612 651
720 562
379 437
669 739
445 193
175 284
742 111
716 638
469 284
711 464
364 735
136 463
302 960
331 591
723 289
441 863
705 398
286 421
70 308
143 687
607 208
465 229
825 666
728 902
381 647
595 260
99 758
832 838
849 33
551 19
2 20
729 139
268 746
736 167
593 588
569 461
461 225
110 144
418 453
160 546
46 423
954 367
429 420
611 427
15 782
671 711
413 274
755 835
353 128
151 687
417 905
5 100
534 316 549 840 926
34 720 697 651 504
827 114 79 461 443
439 831 97 987 493
561 438 999 748 14
628 796 691 791 575
253 924 825 668 670
363 267 247 399 825
322 896 647 864 352
628 591 544 1000 197
185 432 121 220 173
607 984 910 530 988
598 721 32 420 804
581 486 592 258 149
419 652 926 718 26
541 446 358 600 812
964 468 874 214 330
948 805 72 257 21
666 623 297 684 802
361 148 473 933 497
762 542 820 306 530
944 916 637 814 633
776 509 901 149 783
299 206 164 179 737
982 652 110 263 389
23 274 318 213 405
804 287 745 977 132
315 679 186 709 673
803 648 448 569 666
330 566 707 134 161
340 857 300 77 219
819 276 837 924 851
620 23 81 266 10
751 178 665 328 913
458 3 336 346 704
121 57 214 0 493
605 979 884 886 303
689 476 290 137 179
244 391 664 354 604
298 941 379 65 541
962 438 77 276 648
420 711 225 136 649
256 68 886 137 902
945 548 521 488 240
53 851 226 363 115
537 399 20 17 656
129 264 479 987 135
442 72 779 338 343
644 599 952 87 145
907 770 613 67 458
49 4 618 397 941
325 422 829 619 160
33 324 790 614 249
635 384 483 787 873
535 395 528 611 300
295 597 302 889 343
569 237 343 744 322
379 421 504 559 865
334 216 623 407 693
304 848 41 174 740
806 575 481 972 205
879 437 735 292 87
683 579 497 501 415
920 706 574 520 113
653 130 479 778 50
144 510 183 589 41
304 58 985 833 907
592 568 445 889 13
388 507 863 899 502
215 24 555 144 506
850 243 828 491 171
940 97 52 728 91
727 525 435 111 220
277 302 705 447 732
100 508 878 25 635
342 444 254 526 973
383 181 40 441 624
190 919 154 178 335
328 3 458 556 882
871 47 25 444 429
145 543 378 954 67
913 754 351 652 341
932 795 477 886 487
923 845 796 620 910
17 5 785 356 716
783 881 873 571 1000
134 341 911 529 950
853 364 862 472 564
397 52 436 940 55
854 130 833 235 780
566 725 708 496 655
723 905 236 528 686
474 279 929 421 989
929 697 7 753 842
328 813 688 340 833
422 116 70 676 513
486 733 702 950 652
48 989 403 106 794
372 973 541 18 410
578 38 418 156 784
5 31
413 68 210 804 833
760 969 797 582 708
20 94 892 495 92
592 858 361 139 715
288 901 866 55 448
182 721 994 462 641
725 250 45 761 649
362 334 297 21 511
862 355 205 418 863
42 844 331 359 965
29 372 871 729 649
508 935 742 373 769
463 277 204 560 833
251 368 579 565 944
998 909 553 590 879
905 526 101 91 221
611 303 742 521 308
15 663 181 783 225
334 498 133 747 364
460 671 568 203 131
204 642 988 228 918
684 85 336 917 746
596 166 285 609 981
763 238 88 49 952
404 1 620 259 307
612 853 332 213 671
462 814 56 429 654
661 304 370 343 142
465 346 424 615 16
303 392 818 897 899
996 382 287 166 718
3 72
790 953 632
400 449 391
534 580 580
973 674 553
576 844 602
517 308 751
703 523 273
356 782 703
635 56 521
888 686 322
731 432 233
727 764 667
253 978 315
626 993 549
423 527 366
47 107 812
602 851 106
750 540 934
869 201 581
833 957 211
517 865 963
595 927 872
883 264 307
882 560 964
70 37 135
111 2 827
434 742 288
312 723 462
56 918 405
858 317 293
230 288 224
922 861 480
686 394 360
674 293 769
521 225 43
193 195 215
205 526 203
828 669 825
192 914 501
47 100 265
194 247 896
438 893 869
604 198 624
402 109 928
826 979 830
227 971 611
531 301 569
488 684 508
403 387 641
386 160 796
981 933 185
75 724 204
948 225 489
252 151 581
996 82 716
323 234 175
150 727 817
59 675 943
994 614 185
370 205 447
575 578 513
500 239 736
762 954 541
251 721 801
508 190 898
953 909 85
597 402 240
284 945 467
245 911 100
365 7 716
240 421 420
16 220 787
4 8
276 806 21 409
824 127 703 856
442 639 815 493
159 161 459 131
553 55 195 830
881 904 423 942
376 923 306 204
534 214 113 372
3 99
608 372 970
965 574 251
205 266 770
242 749 361
267 220 30
848 373 76
533 761 288
404 199 588
36 709 470
384 913 988
534 422 510
282 176 643
256 416 307
455 516 502
836 770 10
813 509 892
556 559 164
593 284 564
304 811 818
773 691 290
318 654 280
281 339 224
109 412 184
968 87 638
518 118 7
607 10 9
341 521 924
67 467 979
863 457 35
8 579 373
444 318 301
55 508 961
374 283 754
176 357 359
364 747 379
203 701 687
211 752 420
830 382 926
778 149 39
691 955 417
126 697 618
37 721 919
956 698 352
695 267 231
334 619 971
261 896 17
997 10 327
817 326 198
236 602 754
465 657 715
163 235 250
401 221 348
673 810 107
752 414 958
131 264 714
882 486 156
63 84 826
233 634 88
655 29 992
832 490 939
858 346 190
213 883 85
109 602 351
134 401 406
159 513 468
617 652 854
443 431 278
608 233 606
442 496 745
486 549 764
875 505 551
183 366 126
148 557 782
539 242 136
80 231 325
10 517 550
873 81 180
371 865 999
647 94 156
69 950 16
275 545 233
223 478 720
242 507 104
621 325 292
607 902 341
290 374 303
102 187 867
686 459 549
878 665 75
262 213 947
575 94 936
267 948 545
471 969 322
704 210 234
205 384 796
88 865 464
171 984 222
306 749 892
320 297 974
3 54
592 349 571
674 950 757
493 308 841
335 102 180
30 914 616
532 521 460
192 75 600
511 320 930
871 871 763
548 440 803
122 775 486
865 759 575
366 633 463
190 135 767
810 814 354
535 931 736
742 547 816
943 622 119
319 189 440
417 408 677
886 682 975
702 942 357
368 563 620
858 416 115
317 699 415
498 93 857
547 626 801
571 605 592
953 184 926
342 758 130
836 192 504
63 755 955
145 989 361
195 276 716
801 719 192
159 815 991
365 60 40
924 577 78
840 223 35
764 560 523
959 792 95
860 249 653
377 178 935
485 807 250
923 365 743
486 489 208
480 796 635
54 461 667
74 443 110
456 602 642
110 834 569
272 79 187
303 767 495
868 274 340
4 7
168 422 367 17
796 470 722 901
860 619 327 11
484 73 844 720
876 535 411 166
770 949 519 640
134 179 230 102
5 8
663 943 383 170 741
293 620 133 955 39
757 525 836 20 120
206 44 393 163 29
500 60 396 291 982
222 500 127 383 872
745 245 609 872 752
90 140 672 596 683
2 22
594 679
920 345
956 113
82 604
472 232
151 431
146 67
878 893
653 718
755 13
817 102
813 274
425 327
311 364
809 642
394 826
399 920
719 748
351 628
906 965
890 594
349 46
5 38
454 886 393 519 88
483 59 195 7 665
370 693 206 695 674
356 832 414 222 545
580 373 323 883 504
360 997 553 752 524
996 429 532 388 20
30 69 350 449 307
502 245 311 726 986
103 55 740 722 652
400 255 321 480 810
574 766 898 663 951
755 654 765 839 775
601 647 419 385 796
354 46 706 22 997
834 15 673 946 473
145 480 765 947 438
442 343 963 362 427
780 824 490 285 59
742 417 471 615 310
662 916 268 795 606
695 463 154 399 810
725 595 494 586 699
918 958 748 643 76
860 19 734 612 502
908 118 459 63 693
556 202 471 593 133
24 293 498 240 221
181 90 961 120 54
406 345 190 787 264
81 303 341 285 728
213 807 393 776 552
363 178 653 850 120
149 225 976 901 889
144 504 614 415 816
214 633 123 868 925
838 976 159 268 523
791 722 194 421 198
5 20
599 115 316 612 121
229 532 720 934 540
281 194 155 62 902
17 930 138 985 6
225 450 30 956 696
846 435 49 776 424
888 39 98 382 511
311 932 856 639 626
733 667 778 92 736
690 693 500 429 599
377 928 275 165 771
648 990 39 876 209
770 285 819 637 293
662 694 227 741 696
53 624 217 436 256
990 22 808 582 723
510 929 72 700 516
449 51 398 373 384
73 29 306 850 302
14 189 591 405 516
3 62
935 682 878
29 626 812
828 567 89
252 335 506
62 944 216
743 993 350
862 963 816
272 436 561
714 550 633
553 883 55
898 878 834
328 573 372
347 682 498
707 654 219
168 457 629
738 584 605
106 684 365
810 444 687
208 981 556
656 836 413
448 127 396
334 959 922
210 345 110
184 789 345
371 845 113
916 601 93
505 973 29
139 106 181
57 896 147
784 723 306
793 581 916
207 996 764
642 323 62
635 425 774
931 715 461
859 378 504
42 689 395
633 55 760
618 606 512
982 187 24
763 510 868
886 386 703
656 348 135
17 978 615
760 366 622
427 801 814
215 323 830
660 85 17
131 885 798
362 953 695
528 345 408
635 260 701
721 424 74
976 82 465
643 409 936
74 772 946
657 566 511
486 334 284
611 143 862
945 387 946
813 981 785
293 990 21
3 26
66 639 420
587 48 746
320 679 733
411 758 377
215 797 932
590 952 294
8 406 976
879 698 863
18 183 571
4 757 899
211 235 330
551 68 768
190 713 110
512 486 85
636 149 54
959 41 449
629 829 993
318 386 187
620 105 47
112 443 994
349 0 840
378 970 760
72 220 120
45 219 537
289 209 198
599 877 329
3 62
541 484 485
771 604 462
880 144 873
240 164 153
327 623 397
876 938 65
752 761 837
191 424 599
787 617 444
913 571 489
607 279 946
789 406 770
591 67 308
465 17 708
705 966 378
361 546 43
473 726 836
319 200 692
79 293 855
549 108 391
150 315 798
143 66 409
356 170 430
193 311 770
766 850 35
552 844 639
729 679 575
607 793 208
523 122 379
223 181 171
74 717 20
246 415 286
940 735 142
475 601 536
133 37 422
933 275 152
985 179 227
855 794 831
298 322 977
358 883 213
955 851 756
686 770 23
426 258 836
558 40 503
498 412 859
464 316 890
809 591 660
473 692 600
172 654 496
467 387 836
198 834 644
87 979 680
585 685 104
357 102 868
66 250 379
644 881 995
64 851 433
866 912 370
347 216 308
265 211 33
503 821 770
402 748 373