10
29494 29149 20806 25120 7876 26096 30997 9689 19561 29652
1845 24412 21113 12058 15677 5362 31976 22392 12639 17433
21262 6009 25160 13783 27303 7027 16968 27982 27678 5306
32179 25745 11275 32019 135 2998 32250 11883 32590 15916
9326 8905 1862 8783 549 28802 22976 10042 28830 22188
5830 5340 24537 28116 31488 25167 9054 20724 13529 18020
4224 21151 5341 13955 20963 4735 7525 18354 5180 1793
13687 9715 28760 20303 744 5587 13920 24959 12227 13376
32347 26889 7919 26779 8692 27007 21515 15630 893 31096
4765 4384 17973 10702 30828 23174 23494 27913 5930 26684
