100 4
172 186 136 185
131 204 147 143
174 147 136 183
126 166 196 170
149 180 194 180
182 197 132 180
180 168 184 179
160 189 165 133
191 125 205 181
135 195 152 163
148 125 194 125
159 186 151 165
163 191 161 129
175 184 149 171
189 146 165 181
133 176 201 164
192 191 202 151
188 180 176 188
204 172 199 169
162 184 170 187
177 162 146 146
182 191 154 194
186 182 170 161
182 159 158 130
158 197 129 126
178 181 147 148
202 151 144 134
153 141 126 147
129 190 138 179
191 205 181 151
174 137 159 177
189 194 163 188
155 132 167 193
135 164 166 177
198 154 190 160
195 151 198 202
168 186 139 173
185 131 135 164
147 159 140 147
164 167 126 137
155 147 170 178
142 204 127 160
202 151 181 183
172 134 185 148
143 196 151 159
188 186 135 143
133 167 158 176
140 155 142 172
135 137 131 176
139 179 152 158
186 130 178 182
180 164 159 150
148 147 143 127
179 173 134 202
201 171 191 139
125 148 139 135
144 158 158 132
163 188 139 141
150 163 191 185
174 184 181 202
190 189 173 154
164 133 191 135
168 194 140 140
143 167 181 186
191 158 170 142
143 160 184 131
135 183 170 162
129 173 128 191
200 155 140 185
127 128 152 182
181 150 156 144
191 144 129 131
157 142 174 160
194 143 125 144
142 203 150 157
150 172 192 156
130 135 152 180
183 148 161 182
128 125 154 175
165 158 143 168
202 199 184 200
153 135 143 197
201 142 166 134
162 188 189 148
143 185 129 132
180 153 166 170
182 135 134 199
177 165 128 186
201 195 174 136
170 156 168 149
182 199 179 138
148 161 197 161
152 175 187 161
155 193 160 193
192 125 184 205
200 150 146 190
181 168 169 192
154 189 196 146
151 182 168 142
138 157 169 173
