50 50
172 186 136 185 131 204 147 143 174 147 136 183 126 166 196 170 149 180 194 180 182 197 132 180 180 168 184 179 160 189 165 133 191 125 205 181 135 195 152 163 148 125 194 125 159 186 151 165 163 191
161 129 175 184 149 171 189 146 165 181 133 176 201 164 192 191 202 151 188 180 176 188 204 172 199 169 162 184 170 187 177 162 146 146 182 191 154 194 186 182 170 161 182 159 158 130 158 197 129 126
178 181 147 148 202 151 144 134 153 141 126 147 129 190 138 179 191 205 181 151 174 137 159 177 189 194 163 188 155 132 167 193 135 164 166 177 198 154 190 160 195 151 198 202 168 186 139 173 185 131
135 164 147 159 140 147 164 167 126 137 155 147 170 178 142 204 127 160 202 151 181 183 172 134 185 148 143 196 151 159 188 186 135 143 133 167 158 176 140 155 142 172 135 137 131 176 139 179 152 158
186 130 178 182 180 164 159 150 148 147 143 127 179 173 134 202 201 171 191 139 125 148 139 135 144 158 158 132 163 188 139 141 150 163 191 185 174 184 181 202 190 189 173 154 164 133 191 135 168 194
140 140 143 167 181 186 191 158 170 142 143 160 184 131 135 183 170 162 129 173 128 191 200 155 140 185 127 128 152 182 181 150 156 144 191 144 129 131 157 142 174 160 194 143 125 144 142 203 150 157
150 172 192 156 130 135 152 180 183 148 161 182 128 125 154 175 165 158 143 168 202 199 184 200 153 135 143 197 201 142 166 134 162 188 189 148 143 185 129 132 180 153 166 170 182 135 134 199 177 165
128 186 201 195 174 136 170 156 168 149 182 199 179 138 148 161 197 161 152 175 187 161 155 193 160 193 192 125 184 205 200 150 146 190 181 168 169 192 154 189 196 146 151 182 168 142 138 157 169 173
186 147 135 181 191 178 176 167 204 137 200 158 168 127 150 188 140 200 201 203 163 201 130 129 168 203 142 146 188 149 194 189 191 193 147 195 189 135 191 140 130 138 200 166 133 148 133 188 175 151
188 189 184 194 142 162 133 130 130 132 127 135 194 171 185 172 165 199 185 197 204 194 137 157 128 167 187 171 147 199 186 127 166 193 146 158 183 188 183 179 198 181 161 156 198 139 194 126 127 160
157 134 125 176 129 175 184 145 203 183 147 191 192 136 192 152 153 196 193 154 203 198 143 153 148 197 173 140 188 178 158 200 132 146 126 133 137 163 200 162 151 170 205 182 202 182 158 157 160 163
144 129 164 144 168 138 172 187 162 149 139 180 204 163 160 137 172 194 187 172 181 167 138 180 132 181 152 172 125 190 179 182 149 142 146 131 200 199 161 144 190 138 175 170 154 133 139 175 125 205
181 194 140 180 125 178 204 205 202 175 204 135 127 175 184 146 192 178 173 178 147 182 190 167 178 138 143 162 197 188 160 181 173 140 138 193 171 161 126 146 153 202 145 182 129 166 176 125 174 186
145 148 135 134 157 128 187 183 145 166 140 140 157 131 181 180 155 146 190 155 192 186 168 185 188 142 131 135 203 158 205 144 151 194 154 182 155 198 158 164 145 131 125 145 142 194 130 176 184 203
149 178 194 144 157 158 146 199 129 135 156 159 198 146 135 192 154 175 153 204 129 193 128 136 160 153 126 175 153 203 137 143 204 154 159 194 149 192 146 128 183 162 164 198 168 161 143 189 155 163
153 155 203 155 136 198 185 176 146 140 127 174 136 166 149 171 133 164 175 183 130 165 163 132 139 154 142 141 140 181 149 181 135 166 161 148 130 125 125 187 188 138 176 151 199 134 129 173 198 192
136 151 201 198 154 152 137 186 177 169 176 179 182 175 144 129 193 196 156 183 154 184 139 192 168 195 131 137 179 147 171 144 127 126 196 145 187 152 202 174 166 125 190 180 199 159 180 153 189 141
149 130 149 200 202 160 179 141 197 200 192 186 144 167 170 159 185 183 181 182 205 198 155 164 165 204 161 192 144 182 129 148 176 162 155 131 152 184 199 161 146 128 192 135 147 200 152 139 134 187
193 202 198 174 151 190 132 158 160 186 202 165 135 163 176 160 196 159 168 205 161 150 169 187 186 150 165 155 204 133 141 136 134 153 147 190 199 168 129 154 153 177 188 170 179 175 146 197 202 164
198 165 179 142 150 193 197 179 165 143 128 181 176 149 181 187 161 128 133 157 201 144 147 145 205 185 180 190 127 162 180 183 145 169 138 134 132 133 177 203 176 151 125 171 179 132 193 187 173 195
149 182 154 195 127 150 135 198 180 140 164 129 174 163 140 167 178 176 128 183 146 147 183 127 151 167 148 125 174 197 186 198 161 200 125 187 179 156 176 205 127 133 147 151 189 201 134 140 183 180
199 170 126 177 190 149 197 192 152 150 185 135 144 140 192 141 176 144 152 195 184 158 139 161 179 183 172 193 151 201 200 135 166 153 172 163 186 171 178 138 193 177 141 143 188 154 182 148 177 190
165 182 125 128 200 203 160 155 168 171 156 140 149 169 145 129 135 130 195 140 151 172 161 185 129 162 150 168 197 172 201 195 191 172 149 157 130 146 126 192 195 173 140 183 191 140 130 152 184 176
175 138 145 202 189 187 142 195 138 198 172 174 166 204 132 138 196 196 196 148 150 144 169 185 167 126 198 196 125 144 167 180 205 164 176 187 178 171 138 162 171 169 195 172 166 130 150 159 184 166
173 134 198 137 181 174 197 160 154 177 145 160 155 184 173 174 132 169 155 144 138 133 158 183 153 187 167 137 150 194 192 144 184 150 158 191 180 193 145 163 176 173 203 126 198 141 172 168 152 133
195 183 142 177 129 129 137 179 150 142 160 183 192 131 128 147 169 183 128 158 151 165 159 170 157 183 159 144 182 150 201 148 130 135 160 135 136 187 181 192 143 196 194 182 189 169 168 157 130 141
127 175 135 170 202 157 165 171 153 126 145 156 195 172 129 157 138 180 135 134 165 173 177 174 202 198 166 142 178 145 193 187 174 183 131 172 166 143 134 158 201 136 143 196 139 143 169 141 126 185
189 186 166 187 132 172 144 193 146 138 202 136 146 149 205 156 195 169 135 140 147 191 171 160 203 192 191 201 180 130 142 177 191 168 164 153 128 184 165 151 126 195 191 158 200 150 162 137 168 126
202 180 137 134 156 145 138 148 132 141 150 132 183 131 130 179 195 131 140 146 135 176 176 203 135 169 194 184 135 198 163 205 204 180 152 157 178 188 151 198 204 170 192 155 182 142 197 205 194 144
183 183 153 157 145 130 143 181 184 136 187 204 150 127 188 189 176 128 155 179 146 141 136 148 136 171 133 165 156 141 179 142 199 151 166 184 202 144 189 178 193 157 155 170 135 136 189 189 152 181
149 155 185 195 202 144 150 189 157 154 204 143 125 139 141 134 175 162 163 178 181 157 203 141 172 146 146 200 197 134 193 190 190 184 176 130 130 196 159 183 159 131 199 151 130 148 161 158 168 204
130 202 126 163 125 157 147 126 156 127 162 143 180 203 129 130 192 157 176 197 143 204 138 193 150 153 151 162 181 137 179 165 180 194 202 133 165 144 130 146 167 201 149 197 200 176 192 125 125 171
145 127 163 193 150 142 133 178 157 140 174 187 180 135 132 199 169 172 158 137 181 142 166 197 177 159 177 128 139 175 169 141 130 145 205 158 142 177 168 141 141 132 191 150 166 147 165 159 196 125
203 150 185 167 203 201 189 145 174 135 192 149 156 171 204 174 144 127 202 161 175 146 148 205 173 171 179 162 190 128 159 161 193 143 191 148 158 185 152 126 133 134 139 161 129 194 172 151 139 191
158 162 195 154 163 190 145 144 166 152 198 165 135 142 193 176 150 154 138 165 204 163 166 165 200 143 168 188 147 141 158 173 205 182 201 194 176 170 142 137 161 176 194 171 159 180 154 129 158 138
198 158 184 125 189 169 152 188 179 138 152 185 173 129 204 150 158 178 131 131 166 204 144 200 138 125 135 202 189 145 192 152 169 135 175 175 202 191 167 131 130 181 144 135 126 131 143 130 177 150
128 173 179 172 182 171 171 128 171 181 179 147 133 129 162 196 184 169 135 130 139 170 133 139 179 129 201 155 151 155 198 141 188 177 197 140 166 125 184 167 167 188 140 198 162 182 182 159 195 168
165 194 148 163 178 155 196 204 184 151 134 199 146 197 201 158 152 186 158 157 168 138 183 135 199 144 149 190 152 160 167 169 192 128 202 162 185 180 176 197 203 140 173 143 128 148 135 131 193 160
159 155 187 154 184 161 180 171 183 130 127 143 163 182 163 141 174 136 194 152 165 132 173 196 126 146 159 125 195 176 192 141 146 164 127 201 147 157 191 171 170 177 161 173 126 183 151 178 142 204
143 183 133 191 192 143 147 163 205 128 190 170 179 194 190 132 146 141 158 204 185 169 195 174 172 188 203 125 159 170 130 146 165 182 162 171 149 174 163 133 132 199 190 135 125 154 142 164 141 131
177 180 203 176 147 202 137 134 164 167 153 193 178 146 165 176 136 162 153 195 202 182 197 185 193 133 197 125 187 194 200 159 162 179 128 188 151 164 187 157 185 161 143 129 136 133 127 200 129 187
151 128 187 199 197 173 147 128 127 186 202 144 153 133 149 193 174 136 131 201 155 167 150 134 149 180 154 152 175 163 132 154 138 195 135 176 164 166 203 205 184 125 128 141 143 130 127 133 200 173
196 202 183 186 150 197 158 199 159 148 186 181 141 147 197 201 204 137 151 178 182 183 191 147 162 202 173 184 164 167 153 155 148 125 155 170 142 157 157 139 128 189 171 127 176 139 174 135 164 141
196 139 187 138 143 159 190 153 157 131 128 200 177 200 204 126 187 146 125 155 151 178 149 132 181 157 177 156 165 164 200 154 127 139 146 149 201 168 201 205 145 203 151 180 154 165 125 191 137 192
133 132 134 160 188 179 164 152 163 196 189 195 152 177 155 151 154 197 133 201 153 156 153 163 134 190 131 132 201 168 171 130 194 178 165 137 197 174 177 186 151 146 155 162 129 199 159 149 142 141
193 190 193 165 161 128 126 202 151 158 175 187 160 125 139 177 134 153 147 178 144 141 193 143 131 170 205 164 125 144 194 177 155 126 188 169 152 142 181 202 153 171 178 204 200 170 184 196 185 153
180 176 133 176 129 179 162 154 147 200 142 162 189 201 131 188 194 191 164 203 138 141 157 186 143 130 181 181 151 143 152 135 131 137 204 179 125 178 167 148 188 156 129 171 163 146 193 159 154 154
147 152 202 155 157 174 155 144 130 152 136 189 142 171 183 147 195 190 179 148 204 132 128 185 193 198 190 202 133 183 199 138 201 199 167 137 185 195 143 133 184 133 193 147 162 180 205 199 135 131
169 155 129 132 154 196 176 176 179 133 162 133 187 130 202 186 146 156 158 180 174 147 147 154 202 167 138 151 163 197 161 131 126 154 203 136 182 164 162 130 159 155 126 189 148 193 136 201 172 136
128 157 139 133 125 185 132 203 165 176 160 155 149 162 153 154 141 137 145 140 129 166 187 170 125 188 182 139 147 131 188 126 151 177 175 199 139 186 142 149 143 201 204 125 132 186 161 170 178 196
