100 50
172 186 136 185 131 204 147 143 174 147 136 183 126 166 196 170 149 180 194 180 182 197 132 180 180 168 184 179 160 189 165 133 191 125 205 181 135 195 152 163 148 125 194 125 159 186 151 165 163 191
161 129 175 184 149 171 189 146 165 181 133 176 201 164 192 191 202 151 188 180 176 188 204 172 199 169 162 184 170 187 177 162 146 146 182 191 154 194 186 182 170 161 182 159 158 130 158 197 129 126
178 181 147 148 202 151 144 134 153 141 126 147 129 190 138 179 191 205 181 151 174 137 159 177 189 194 163 188 155 132 167 193 135 164 166 177 198 154 190 160 195 151 198 202 168 186 139 173 185 131
135 164 147 159 140 147 164 167 126 137 155 147 170 178 142 204 127 160 202 151 181 183 172 134 185 148 143 196 151 159 188 186 135 143 133 167 158 176 140 155 142 172 135 137 131 176 139 179 152 158
186 130 178 182 180 164 159 150 148 147 143 127 179 173 134 202 201 171 191 139 125 148 139 135 144 158 158 132 163 188 139 141 150 163 191 185 174 184 181 202 190 189 173 154 164 133 191 135 168 194
140 140 143 167 181 186 191 158 170 142 143 160 184 131 135 183 170 162 129 173 128 191 200 155 140 185 127 128 152 182 181 150 156 144 191 144 129 131 157 142 174 160 194 143 125 144 142 203 150 157
150 172 192 156 130 135 152 180 183 148 161 182 128 125 154 175 165 158 143 168 202 199 184 200 153 135 143 197 201 142 166 134 162 188 189 148 143 185 129 132 180 153 166 170 182 135 134 199 177 165
128 186 201 195 174 136 170 156 168 149 182 199 179 138 148 161 197 161 152 175 187 161 155 193 160 193 192 125 184 205 200 150 146 190 181 168 169 192 154 189 196 146 151 182 168 142 138 157 169 173
186 147 135 181 191 178 176 167 204 137 200 158 168 127 150 188 140 200 201 203 163 201 130 129 168 203 142 146 188 149 194 189 191 193 147 195 189 135 191 140 130 138 200 166 133 148 133 188 175 151
188 189 184 194 142 162 133 130 130 132 127 135 194 171 185 172 165 199 185 197 204 194 137 157 128 167 187 171 147 199 186 127 166 193 146 158 183 188 183 179 198 181 161 156 198 139 194 126 127 160
157 134 125 176 129 175 184 145 203 183 147 191 192 136 192 152 153 196 193 154 203 198 143 153 148 197 173 140 188 178 158 200 132 146 126 133 137 163 200 162 151 170 205 182 202 182 158 157 160 163
144 129 164 144 168 138 172 187 162 149 139 180 204 163 160 137 172 194 187 172 181 167 138 180 132 181 152 172 125 190 179 182 149 142 146 131 200 199 161 144 190 138 175 170 154 133 139 175 125 205
181 194 140 180 125 178 204 205 202 175 204 135 127 175 184 146 192 178 173 178 147 182 190 167 178 138 143 162 197 188 160 181 173 140 138 193 171 161 126 146 153 202 145 182 129 166 176 125 174 186
145 148 135 134 157 128 187 183 145 166 140 140 157 131 181 180 155 146 190 155 192 186 168 185 188 142 131 135 203 158 205 144 151 194 154 182 155 198 158 164 145 131 125 145 142 194 130 176 184 203
149 178 194 144 157 158 146 199 129 135 156 159 198 146 135 192 154 175 153 204 129 193 128 136 160 153 126 175 153 203 137 143 204 154 159 194 149 192 146 128 183 162 164 198 168 161 143 189 155 163
153 155 203 155 136 198 185 176 146 140 127 174 136 166 149 171 133 164 175 183 130 165 163 132 139 154 142 141 140 181 149 181 135 166 161 148 130 125 125 187 188 138 176 151 199 134 129 173 198 192
136 151 201 198 154 152 137 186 177 169 176 179 182 175 144 129 193 196 156 183 154 184 139 192 168 195 131 137 179 147 171 144 127 126 196 145 187 152 202 174 166 125 190 180 199 159 180 153 189 141
149 130 149 200 202 160 179 141 197 200 192 186 144 167 170 159 185 183 181 182 205 198 155 164 165 204 161 192 144 182 129 148 176 162 155 131 152 184 199 161 146 128 192 135 147 200 152 139 134 187
193 202 198 174 151 190 132 158 160 186 202 165 135 163 176 160 196 159 168 205 161 150 169 187 186 150 165 155 204 133 141 136 134 153 147 190 199 168 129 154 153 177 188 170 179 175 146 197 202 164
198 165 179 142 150 193 197 179 165 143 128 181 176 149 181 187 161 128 133 157 201 144 147 145 205 185 180 190 127 162 180 183 145 169 138 134 132 133 177 203 176 151 125 171 179 132 193 187 173 195
149 182 154 195 127 150 135 198 180 140 164 129 174 163 140 167 178 176 128 183 146 147 183 127 151 167 148 125 174 197 186 198 161 200 125 187 179 156 176 205 127 133 147 151 189 201 134 140 183 180
199 170 126 177 190 149 197 192 152 150 185 135 144 140 192 141 176 144 152 195 184 158 139 161 179 183 172 193 151 201 200 135 166 153 172 163 186 171 178 138 193 177 141 143 188 154 182 148 177 190
165 182 125 128 200 203 160 155 168 171 156 140 149 169 145 129 135 130 195 140 151 172 161 185 129 162 150 168 197 172 201 195 191 172 149 157 130 146 126 192 195 173 140 183 191 140 130 152 184 176
175 138 145 202 189 187 142 195 138 198 172 174 166 204 132 138 196 196 196 148 150 144 169 185 167 126 198 196 125 144 167 180 205 164 176 187 178 171 138 162 171 169 195 172 166 130 150 159 184 166
173 134 198 137 181 174 197 160 154 177 145 160 155 184 173 174 132 169 155 144 138 133 158 183 153 187 167 137 150 194 192 144 184 150 158 191 180 193 145 163 176 173 203 126 198 141 172 168 152 133
195 183 142 177 129 129 137 179 150 142 160 183 192 131 128 147 169 183 128 158 151 165 159 170 157 183 159 144 182 150 201 148 130 135 160 135 136 187 181 192 143 196 194 182 189 169 168 157 130 141
127 175 135 170 202 157 165 171 153 126 145 156 195 172 129 157 138 180 135 134 165 173 177 174 202 198 166 142 178 145 193 187 174 183 131 172 166 143 134 158 201 136 143 196 139 143 169 141 126 185
189 186 166 187 132 172 144 193 146 138 202 136 146 149 205 156 195 169 135 140 147 191 171 160 203 192 191 201 180 130 142 177 191 168 164 153 128 184 165 151 126 195 191 158 200 150 162 137 168 126
202 180 137 134 156 145 138 148 132 141 150 132 183 131 130 179 195 131 140 146 135 176 176 203 135 169 194 184 135 198 163 205 204 180 152 157 178 188 151 198 204 170 192 155 182 142 197 205 194 144
183 183 153 157 145 130 143 181 184 136 187 204 150 127 188 189 176 128 155 179 146 141 136 148 136 171 133 165 156 141 179 142 199 151 166 184 202 144 189 178 193 157 155 170 135 136 189 189 152 181
149 155 185 195 202 144 150 189 157 154 204 143 125 139 141 134 175 162 163 178 181 157 203 141 172 146 146 200 197 134 193 190 190 184 176 130 130 196 159 183 159 131 199 151 130 148 161 158 168 204
130 202 126 163 125 157 147 126 156 127 162 143 180 203 129 130 192 157 176 197 143 204 138 193 150 153 151 162 181 137 179 165 180 194 202 133 165 144 130 146 167 201 149 197 200 176 192 125 125 171
145 127 163 193 150 142 133 178 157 140 174 187 180 135 132 199 169 172 158 137 181 142 166 197 177 159 177 128 139 175 169 141 130 145 205 158 142 177 168 141 141 132 191 150 166 147 165 159 196 125
203 150 185 167 203 201 189 145 174 135 192 149 156 171 204 174 144 127 202 161 175 146 148 205 173 171 179 162 190 128 159 161 193 143 191 148 158 185 152 126 133 134 139 161 129 194 172 151 139 191
158 162 195 154 163 190 145 144 166 152 198 165 135 142 193 176 150 154 138 165 204 163 166 165 200 143 168 188 147 141 158 173 205 182 201 194 176 170 142 137 161 176 194 171 159 180 154 129 158 138
198 158 184 125 189 169 152 188 179 138 152 185 173 129 204 150 158 178 131 131 166 204 144 200 138 125 135 202 189 145 192 152 169 135 175 175 202 191 167 131 130 181 144 135 126 131 143 130 177 150
128 173 179 172 182 171 171 128 171 181 179 147 133 129 162 196 184 169 135 130 139 170 133 139 179 129 201 155 151 155 198 141 188 177 197 140 166 125 184 167 167 188 140 198 162 182 182 159 195 168
165 194 148 163 178 155 196 204 184 151 134 199 146 197 201 158 152 186 158 157 168 138 183 135 199 144 149 190 152 160 167 169 192 128 202 162 185 180 176 197 203 140 173 143 128 148 135 131 193 160
159 155 187 154 184 161 180 171 183 130 127 143 163 182 163 141 174 136 194 152 165 132 173 196 126 146 159 125 195 176 192 141 146 164 127 201 147 157 191 171 170 177 161 173 126 183 151 178 142 204
143 183 133 191 192 143 147 163 205 128 190 170 179 194 190 132 146 141 158 204 185 169 195 174 172 188 203 125 159 170 130 146 165 182 162 171 149 174 163 133 132 199 190 135 125 154 142 164 141 131
177 180 203 176 147 202 137 134 164 167 153 193 178 146 165 176 136 162 153 195 202 182 197 185 193 133 197 125 187 194 200 159 162 179 128 188 151 164 187 157 185 161 143 129 136 133 127 200 129 187
151 128 187 199 197 173 147 128 127 186 202 144 153 133 149 193 174 136 131 201 155 167 150 134 149 180 154 152 175 163 132 154 138 195 135 176 164 166 203 205 184 125 128 141 143 130 127 133 200 173
196 202 183 186 150 197 158 199 159 148 186 181 141 147 197 201 204 137 151 178 182 183 191 147 162 202 173 184 164 167 153 155 148 125 155 170 142 157 157 139 128 189 171 127 176 139 174 135 164 141
196 139 187 138 143 159 190 153 157 131 128 200 177 200 204 126 187 146 125 155 151 178 149 132 181 157 177 156 165 164 200 154 127 139 146 149 201 168 201 205 145 203 151 180 154 165 125 191 137 192
133 132 134 160 188 179 164 152 163 196 189 195 152 177 155 151 154 197 133 201 153 156 153 163 134 190 131 132 201 168 171 130 194 178 165 137 197 174 177 186 151 146 155 162 129 199 159 149 142 141
193 190 193 165 161 128 126 202 151 158 175 187 160 125 139 177 134 153 147 178 144 141 193 143 131 170 205 164 125 144 194 177 155 126 188 169 152 142 181 202 153 171 178 204 200 170 184 196 185 153
180 176 133 176 129 179 162 154 147 200 142 162 189 201 131 188 194 191 164 203 138 141 157 186 143 130 181 181 151 143 152 135 131 137 204 179 125 178 167 148 188 156 129 171 163 146 193 159 154 154
147 152 202 155 157 174 155 144 130 152 136 189 142 171 183 147 195 190 179 148 204 132 128 185 193 198 190 202 133 183 199 138 201 199 167 137 185 195 143 133 184 133 193 147 162 180 205 199 135 131
169 155 129 132 154 196 176 176 179 133 162 133 187 130 202 186 146 156 158 180 174 147 147 154 202 167 138 151 163 197 161 131 126 154 203 136 182 164 162 130 159 155 126 189 148 193 136 201 172 136
128 157 139 133 125 185 132 203 165 176 160 155 149 162 153 154 141 137 145 140 129 166 187 170 125 188 182 139 147 131 188 126 151 177 175 199 139 186 142 149 143 201 204 125 132 186 161 170 178 196
192 167 165 141 166 131 141 188 155 128 184 188 179 152 199 144 200 198 188 162 146 186 134 199 188 183 161 131 126 152 195 157 127 192 187 204 145 126 167 159 156 201 158 180 202 168 143 198 192 180
138 200 181 144 176 162 184 161 155 176 147 178 161 196 179 200 178 184 138 135 192 195 158 137 127 158 190 137 174 164 178 183 168 181 153 146 182 182 162 156 140 130 197 145 173 165 141 163 140 143
149 147 183 143 167 196 161 137 195 161 130 144 127 199 155 163 205 133 164 178 192 149 127 164 159 189 133 202 150 170 156 154 146 202 185 193 192 146 130 170 149 143 140 171 180 164 204 190 205 126
172 199 191 135 199 135 127 189 149 198 197 133 196 126 166 192 176 187 188 189 205 152 167 128 127 179 178 175 173 152 160 163 178 165 137 155 174 140 137 149 134 137 164 128 148 168 204 136 133 152
193 151 181 140 133 167 159 128 133 152 178 183 133 177 172 178 150 154 190 200 149 168 129 191 166 165 171 197 131 195 165 137 161 177 130 155 205 196 128 203 165 171 128 135 130 141 137 194 153 150
157 205 195 148 183 190 192 141 196 127 176 173 186 135 160 197 173 135 175 135 194 196 150 178 149 144 158 130 199 198 184 148 183 178 187 170 142 182 184 136 194 190 127 164 154 159 173 143 190 177
146 184 143 131 204 195 164 188 141 189 156 187 155 192 196 142 193 126 194 160 174 181 151 184 158 197 196 157 185 205 204 146 144 161 147 176 157 141 155 198 156 167 174 188 130 152 153 158 151 158
159 143 166 141 126 143 172 152 163 188 131 167 186 184 197 173 128 151 153 187 137 160 197 169 190 163 144 133 195 132 125 138 148 200 191 152 167 153 177 162 193 165 148 175 166 157 155 179 183 142
143 154 180 205 178 155 145 141 134 146 128 126 169 191 201 150 168 139 175 132 186 205 188 182 160 193 133 128 156 189 173 139 179 151 191 159 163 172 149 126 161 157 192 129 133 127 203 152 191 143
174 158 203 155 186 163 185 184 129 168 167 179 125 188 160 147 136 166 180 196 193 151 195 164 126 128 190 182 164 181 178 193 166 195 149 139 137 159 129 177 147 179 150 190 154 196 171 191 176 164
166 180 201 140 134 190 173 188 135 143 135 161 137 147 135 129 144 128 166 137 168 159 131 192 196 174 139 137 152 158 126 183 177 202 175 169 136 178 174 142 135 189 188 149 133 138 183 163 144 154
125 157 125 145 125 202 140 198 162 163 133 150 205 203 146 158 169 127 133 137 140 181 186 130 189 151 170 129 144 184 177 131 187 143 160 175 125 154 173 200 201 166 170 153 195 175 126 186 204 172
198 149 203 176 158 168 169 152 147 193 168 203 188 193 135 156 129 133 189 125 171 180 152 181 203 174 201 125 195 168 139 194 173 129 196 201 125 180 133 194 141 199 146 144 204 152 198 202 151 205
158 149 196 144 161 140 203 134 195 127 159 184 133 190 160 176 129 128 144 178 130 183 195 199 204 137 166 167 170 188 192 167 149 143 196 152 179 167 181 145 161 167 175 176 139 176 200 144 136 201
165 195 132 125 147 203 126 160 202 161 168 165 161 154 135 184 150 159 158 156 178 149 126 202 195 173 202 195 144 165 164 132 204 139 202 133 191 131 161 138 168 145 205 196 139 127 165 183 150 204
149 145 204 163 132 180 129 171 132 181 150 153 190 201 191 185 205 177 193 171 192 173 197 147 129 179 186 156 186 146 135 140 159 198 127 155 128 134 125 183 184 141 136 180 135 129 178 146 171 128
183 148 201 192 166 165 163 139 138 151 134 154 186 191 164 156 152 199 140 189 126 191 144 175 171 184 195 153 174 176 185 156 141 193 203 173 197 203 132 131 164 205 136 205 197 197 184 200 175 162
165 136 191 153 200 163 171 134 143 201 183 155 170 134 131 189 188 139 171 204 189 188 170 163 134 184 157 160 169 135 200 149 159 131 127 189 183 133 194 156 176 150 196 135 134 201 203 135 148 187
199 195 170 130 167 186 150 132 192 143 157 190 156 165 133 179 157 156 177 129 152 166 169 128 178 145 139 150 169 132 167 172 147 184 198 191 168 140 181 141 135 134 186 168 191 179 134 157 163 161
151 184 176 142 133 183 156 133 129 205 151 125 204 163 166 134 127 145 131 173 136 174 130 131 143 138 196 182 150 153 188 126 156 177 204 188 190 162 155 151 173 194 126 202 200 176 155 201 135 156
155 130 192 199 171 189 202 154 146 194 158 161 152 137 136 186 201 187 127 152 164 172 189 144 199 156 125 201 131 172 201 161 180 175 183 185 192 130 183 198 202 200 158 153 134 178 197 177 184 176
202 163 163 190 139 179 182 147 177 137 153 138 196 205 177 146 182 183 176 195 190 170 136 199 138 131 163 203 165 186 146 193 164 128 164 125 153 155 169 153 130 137 146 196 157 190 164 149 156 163
136 139 179 178 144 192 155 142 189 129 126 143 174 132 129 139 183 143 162 156 162 190 195 145 203 136 165 199 138 157 148 140 127 146 187 161 188 171 166 159 200 140 163 166 140 125 144 167 193 195
197 134 179 185 167 146 201 197 150 135 159 179 182 130 152 163 137 152 173 197 202 186 175 132 204 149 158 185 168 187 192 188 198 128 167 131 185 180 180 153 163 170 171 137 150 146 135 191 202 166
176 161 151 198 128 194 151 130 133 137 185 178 187 170 159 129 177 141 137 190 141 186 188 128 142 140 169 127 196 200 200 163 135 189 136 205 159 165 189 166 177 132 131 198 172 154 165 147 192 150
168 134 191 167 128 180 137 130 186 168 169 170 192 203 200 188 184 140 156 148 142 135 179 190 156 144 183 137 140 167 127 169 186 162 162 190 184 195 153 203 126 126 132 138 169 166 180 155 179 175
200 174 172 144 129 154 126 194 129 190 136 126 204 201 192 148 194 142 146 142 163 200 190 149 147 144 130 157 140 179 166 173 141 128 158 154 148 190 175 172 160 165 134 135 175 197 135 136 188 177
145 182 204 156 196 176 163 131 151 132 197 193 130 187 174 145 148 141 137 165 172 139 132 163 200 126 162 184 155 157 204 176 153 161 160 181 196 187 201 160 164 165 171 192 196 153 175 205 204 162
132 180 139 156 193 177 162 172 159 136 138 132 176 182 146 160 130 171 146 166 195 191 145 132 175 173 168 135 176 143 179 150 141 176 134 174 151 133 186 176 159 177 147 141 188 143 148 151 166 139
146 146 162 153 155 185 136 194 182 150 160 132 146 200 199 152 140 175 143 126 143 171 145 149 126 146 129 134 193 136 157 203 163 184 188 191 177 131 203 194 130 183 155 190 178 180 148 190 187 146
175 143 138 177 190 162 192 191 162 193 156 130 174 196 156 196 161 169 171 205 174 171 129 176 143 145 190 140 167 151 154 159 167 140 178 152 141 192 134 156 165 181 163 136 149 139 177 125 202 181
171 127 151 125 157 152 134 158 155 149 171 138 202 202 166 163 166 201 185 173 131 131 128 157 138 179 149 129 159 165 190 152 184 177 201 202 187 182 187 161 163 177 179 198 147 186 162 157 136 202
167 149 182 159 126 170 181 175 169 169 175 187 161 197 147 165 181 182 173 169 185 137 193 183 179 177 155 181 193 196 159 140 140 193 193 125 148 184 192 148 194 179 199 143 145 183 152 127 156 153
131 179 178 167 191 138 135 145 134 187 166 195 163 184 144 130 137 168 168 136 159 193 134 148 160 148 170 126 147 199 171 154 151 168 163 132 148 201 149 126 189 150 145 173 147 158 192 137 137 168
134 142 199 164 199 131 171 200 181 163 164 175 163 186 143 201 143 129 177 145 140 176 204 152 196 193 171 149 182 180 179 182 139 166 150 157 136 145 202 133 151 165 199 155 166 184 134 154 186 151
169 130 162 136 126 155 129 177 136 145 167 142 194 179 156 142 140 161 150 188 185 146 142 175 178 177 153 165 159 139 202 154 169 181 167 173 174 145 127 204 187 160 161 174 139 176 150 131 145 141
134 131 147 199 167 165 145 143 154 178 138 188 142 147 155 170 200 189 191 174 195 141 155 139 164 131 202 147 128 134 138 136 130 201 144 168 189 204 201 136 131 172 168 183 185 200 153 205 167 166
127 155 181 131 161 179 149 194 155 148 169 162 191 150 187 138 184 139 176 199 167 140 142 190 168 195 151 180 145 129 146 199 160 134 169 183 131 194 180 161 150 198 190 185 129 186 131 183 166 195
168 166 192 196 191 198 174 145 137 137 171 125 195 205 129 157 153 147 195 194 145 153 135 155 187 203 200 175 127 173 154 180 203 198 189 132 163 171 160 191 190 204 150 162 183 177 142 183 176 163
173 185 143 191 202 158 147 135 200 151 154 145 146 178 157 128 159 152 176 196 130 137 159 167 133 144 157 188 137 142 184 151 127 131 171 176 182 152 136 150 185 178 130 151 131 159 133 153 151 169
144 183 194 181 127 190 170 160 183 127 191 161 205 200 170 165 169 159 137 159 133 198 126 130 148 131 201 165 165 129 140 149 181 196 163 172 138 197 163 201 188 164 174 128 188 200 176 178 198 176
161 157 163 191 134 188 155 205 157 172 146 202 182 162 198 132 168 145 146 135 137 159 139 139 182 134 188 183 188 172 151 181 128 139 194 176 192 198 159 168 146 187 183 157 145 183 129 159 190 157
180 150 165 181 196 201 205 149 180 194 137 135 166 196 137 170 199 132 179 180 140 161 182 180 128 168 140 163 163 197 161 170 153 173 168 167 167 130 198 184 143 156 197 185 164 156 154 194 186 129
136 136 134 127 143 129 152 168 130 196 195 150 171 191 172 175 188 147 196 143 171 136 205 181 148 189 200 150 136 160 154 170 188 131 157 195 172 205 177 150 193 199 160 167 197 191 132 140 200 140
126 198 156 135 128 134 146 192 184 127 180 143 147 140 197 138 157 199 205 185 174 151 185 149 179 176 181 138 175 150 135 184 178 174 147 204 155 151 175 185 160 163 136 130 159 147 177 179 142 171
153 163 179 179 160 205 190 178 194 169 150 132 185 130 141 178 150 158 162 199 159 134 199 149 193 156 182 187 161 185 177 175 169 160 188 181 142 184 144 131 145 135 195 145 175 150 151 147 127 130
147 188 146 149 135 184 171 176 125 178 175 184 138 185 133 195 194 147 166 128 167 143 168 172 149 139 183 175 151 167 132 187 140 159 191 205 146 183 196 138 131 146 184 153 200 126 130 166 145 165
180 180 162 185 139 133 139 162 128 129 148 200 140 146 125 163 147 131 146 141 173 170 182 194 190 202 193 150 139 137 146 165 193 138 172 153 161 199 201 140 146 201 162 200 151 193 205 139 162 139
139 166 168 182 129 159 169 140 170 125 132 169 137 141 129 153 135 204 167 143 129 145 127 191 184 143 181 146 201 161 151 149 156 188 141 132 196 179 134 129 150 150 181 128 177 126 166 189 201 166
153 148 198 170 133 201 188 132 198 155 165 192 187 175 153 176 162 184 142 188 193 148 175 197 144 165 202 177 163 189 142 185 182 155 155 185 193 127 205 204 162 128 153 128 199 173 194 164 168 179
